 3000 
 3001 
 3002 
 3003 
 3004 
 3005 
 3006 
 3007 
 3008 
 3009 
 3010 
 3011 
 3012 
 3013 
 3014 
 3015 
 3016 
 3017 
 3018 
 3019 
 3020 
 3021 
 3022 
 3023 
 3024 
 3025 
 3026 
 3027 
 3028 
 3029 
 3030 
 3031 
 3032 
 3033 
 3034 
 3035 
 3036 
 3037 
 3038 
 3039 
 3040 
 3041 
 3042 
 3043 
 3044 
 3045 
 3046 
 3047 
 3048 
 3049 
 3050 
 3051 
 3052 
 3053 
 3054 
 3055 
 3056 
 3057 
 3058 
 3059 
 3060 
 3061 
 3062 
 3063 
 3064 
 3065 
 3066 
 3067 
 3068 
 3069 
 3070 
 3071 
 3072 
 3073 
 3074 
 3075 
 3076 
 3077 
 3078 
 3079 
 3080 
 3081 
 3082 
 3083 
 3084 
 3085 
 3086 
 3087 
 3088 
 3089 
 3090 
 3091 
 3092 
 3093 
 3094 
 3095 
 3096 
 3097 
 3098 
 3099 
 3100 
 3101 
 3102 
 3103 
 3104 
 3105 
 3106 
 3107 
 3108 
 3109 
 3110 
 3111 
 3112 
 3113 
 3114 
 3115 
 3116 
 3117 
 3118 
 3119 
 3120 
 3121 
 3122 
 3123 
 3124 
 3125 
 3126 
 3127 
 3128 
 3129 
 3130 
 3131 
 3132 
 3133 
 3134 
 3135 
 3136 
 3137 
 3138 
 3139 
 3140 
 3141 
 3142 
 3143 
 3144 
 3145 
 3146 
 3147 
 3148 
 3149 
 3150 
 3151 
 3152 
 3153 
 3154 
 3155 
 3156 
 3157 
 3158 
 3159 
 3160 
 3161 
 3162 
 3163 
 3164 
 3165 
 3166 
 3167 
 3168 
 3169 
 3170 
 3171 
 3172 
 3173 
 3174 
 3175 
 3176 
 3177 
 3178 
 3179 
 3180 
 3181 
 3182 
 3183 
 3184 
 3185 
 3186 
 3187 
 3188 
 3189 
 3190 
 3191 
 3192 
 3193 
 3194 
 3195 
 3196 
 3197 
 3198 
 3199 
 3200 
 3201 
 3202 
 3203 
 3204 
 3205 
 3206 
 3207 
 3208 
 3209 
 3210 
 3211 
 3212 
 3213 
 3214 
 3215 
 3216 
 3217 
 3218 
 3219 
 3220 
 3221 
 3222 
 3223 
 3224 
 3225 
 3226 
 3227 
 3228 
 3229 
 3230 
 3231 
 3232 
 3233 
 3234 
 3235 
 3236 
 3237 
 3238 
 3239 
 3240 
 3241 
 3242 
 3243 
 3244 
 3245 
 3246 
 3247 
 3248 
 3249 
 3250 
 3251 
 3252 
 3253 
 3254 
 3255 
 3256 
 3257 
 3258 
 3259 
 3260 
 3261 
 3262 
 3263 
 3264 
 3265 
 3266 
 3267 
 3268 
 3269 
 3270 
 3271 
 3272 
 3273 
 3274 
 3275 
 3276 
 3277 
 3278 
 3279 
 3280 
 3281 
 3282 
 3283 
 3284 
 3285 
 3286 
 3287 
 3288 
 3289 
 3290 
 3291 
 3292 
 3293 
 3294 
 3295 
 3296 
 3297 
 3298 
 3299 
 3300 
 3301 
 3302 
 3303 
 3304 
 3305 
 3306 
 3307 
 3308 
 3309 
 3310 
 3311 
 3312 
 3313 
 3314 
 3315 
 3316 
 3317 
 3318 
 3319 
 3320 
 3321 
 3322 
 3323 
 3324 
 3325 
 3326 
 3327 
 3328 
 3329 
 3330 
 3331 
 3332 
 3333 
 3334 
 3335 
 3336 
 3337 
 3338 
 3339 
 3340 
 3341 
 3342 
 3343 
 3344 
 3345 
 3346 
 3347 
 3348 
 3349 
 3350 
 3351 
 3352 
 3353 
 3354 
 3355 
 3356 
 3357 
 3358 
 3359 
 3360 
 3361 
 3362 
 3363 
 3364 
 3365 
 3366 
 3367 
 3368 
 3369 
 3370 
 3371 
 3372 
 3373 
 3374 
 3375 
 3376 
 3377 
 3378 
 3379 
 3380 
 3381 
 3382 
 3383 
 3384 
 3385 
 3386 
 3387 
 3388 
 3389 
 3390 
 3391 
 3392 
 3393 
 3394 
 3395 
 3396 
 3397 
 3398 
 3399 
 3400 
 3401 
 3402 
 3403 
 3404 
 3405 
 3406 
 3407 
 3408 
 3409 
 3410 
 3411 
 3412 
 3413 
 3414 
 3415 
 3416 
 3417 
 3418 
 3419 
 3420 
 3421 
 3422 
 3423 
 3424 
 3425 
 3426 
 3427 
 3428 
 3429 
 2672 
 2671 
 2670 
 2669 
 2668 
 2667 
 2666 
 2665 
 2664 
 2663 
 2662 
 2661 
 2660 
 2659 
 2658 
 2657 
 2656 
 2655 
 2654 
 2653 
 2652 
 2651 
 2650 
 2649 
 2648 
 2647 
 2646 
 2645 
 2644 
 2643 
 2642 
 2641 
 2640 
 2639 
 2638 
 2637 
 2636 
 2635 
 2634 
 2633 
 2632 
 2631 
 2630 
 2629 
 2628 
 2627 
 2626 
 2625 
 2624 
 2623 
 2622 
 2621 
 2620 
 2619 
 2618 
 2617 
 2616 
 2615 
 2614 
 2613 
 2612 
 2611 
 2610 
 2609 
 2608 
 2607 
 2606 
 2605 
 2604 
 2603 
 2602 
 2601 
 2600 
 2599 
 2598 
 2597 
 2596 
 2595 
 2594 
 2593 
 2592 
 2591 
 2590 
 2589 
 2588 
 2587 
 2586 
 2585 
 2584 
 2583 
 2582 
 2581 
 2580 
 2579 
 2578 
 2577 
 2576 
 2575 
 2574 
 2573 
 2572 
 2571 
 2570 
 2569 
 2568 
 2567 
 2566 
 2565 
 2564 
 2563 
 2562 
 2561 
 2560 
 2559 
 2558 
 2557 
 2556 
 2555 
 2554 
 2553 
 2552 
 2551 
 2550 
 2549 
 2548 
 2547 
 2546 
 2545 
 2544 
 2543 
 2542 
 2541 
 2540 
 2539 
 2538 
 2537 
 2536 
 2535 
 2534 
 2533 
 2532 
 2531 
 2530 
 2529 
 2528 
 2527 
 2526 
 2525 
 2524 
 2523 
 2522 
 2521 
 2520 
 2519 
 2518 
 2517 
 2516 
 2515 
 2514 
 2513 
 2512 
 2511 
 2510 
 2509 
 2508 
 2507 
 2506 
 2005 
 2506 
 2505 
 2504 
 2503 
 2502 
 2501 
 2500 
 2499 
 2498 
 2497 
 2496 
 2495 
 2494 
 2493 
 2492 
 2491 
 2490 
 2489 
 2488 
 2487 
 2486 
 2485 
 2484 
 2483 
 2482 
 2481 
 2480 
 2479 
 2478 
 2477 
 2476 
 2475 
 2474 
 2473 
 2472 
 2471 
 2470 
 2469 
 2468 
 2467 
 2466 
 2465 
 2464 
 2463 
 2462 
 2461 
 2460 
 2459 
 2458 
 2457 
 2456 
 2455 
 2454 
 2453 
 2452 
 2451 
 2450 
 2449 
 2448 
 2447 
 2446 
 2445 
 2444 
 2443 
 2442 
 2441 
 2440 
 2439 
 2438 
 2437 
 2436 
 2435 
 2434 
 2433 
 2432 
 2431 
 2430 
 2429 
 2428 
 2427 
 2426 
 2425 
 2424 
 2423 
 2422 
 2421 
 2420 
 2419 
 2418 
 2417 
 2416 
 2415 
 2414 
 2413 
 2412 
 2411 
 2410 
 2409 
 2408 
 2407 
 2406 
 2405 
 2404 
 2403 
 2402 
 2401 
 2400 
 2399 
 2398 
 2397 
 2396 
 2395 
 2394 
 2393 
 2392 
 2391 
 2390 
 2389 
 2388 
 2387 
 2386 
 2385 
 2384 
 2383 
 2382 
 2381 
 2380 
 2379 
 2378 
 2377 
 2376 
 2375 
 2374 
 2373 
 2372 
 2371 
 2370 
 2369 
 2368 
 2367 
 2366 
 2365 
 2364 
 2363 
 2362 
 2361 
 2360 
 2359 
 2358 
 2357 
 2356 
 2355 
 2354 
 2353 
 2352 
 2351 
 2350 
 2349 
 2348 
 2347 
 2346 
 2345 
 2344 
 2343 
 2342 
 2341 
 2340 
 2339 
 2338 
 2337 
 2336 
 2335 
 2334 
 2333 
 2332 
 2331 
 2330 
 2329 
 2328 
 2327 
 2326 
 2325 
 2324 
 2323 
 2322 
 2321 
 2320 
 2319 
 2318 
 2317 
 2316 
 2315 
 2314 
 2313 
 2312 
 2311 
 2310 
 2309 
 2308 
 2307 
 2306 
 2305 
 2304 
 2303 
 2302 
 2301 
 2300 
 2299 
 2298 
 2297 
 2296 
 2295 
 2294 
 2293 
 2292 
 2291 
 2290 
 2289 
 2288 
 2287 
 2286 
 2285 
 2284 
 2283 
 2282 
 2281 
 2280 
 2279 
 2278 
 2277 
 2276 
 2275 
 2274 
 2273 
 2272 
 2271 
 2270 
 2269 
 2268 
 2267 
 2266 
 2265 
 2264 
 2263 
 2262 
 2261 
 2260 
 2259 
 2258 
 2257 
 2256 
 2255 
 2254 
 2253 
 2252 
 2251 
 2250 
 2249 
 2248 
 2247 
 2246 
 2245 
 2244 
 2243 
 2242 
 2241 
 2240 
 2239 
 2238 
 2237 
 2236 
 2235 
 2234 
 2233 
 2232 
 2231 
 2230 
 2229 
 2228 
 2227 
 2226 
 2225 
 2224 
 2223 
 2222 
 2221 
 2220 
 2219 
 2218 
 2217 
 2216 
 2215 
 2214 
 2213 
 2212 
 2211 
 2210 
 2209 
 2208 
 2207 
 2206 
 2205 
 2204 
 2203 
 2202 
 2201 
 2200 
 2199 
 2198 
 2197 
 2196 
 2195 
 2194 
 2193 
 2192 
 2191 
 2190 
 2189 
 2188 
 2187 
 2186 
 2185 
 2184 
 2183 
 2182 
 2181 
 2180 
 2179 
 2178 
 2177 
 2176 
 2175 
 2174 
 2173 
 2172 
 2171 
 2170 
 2169 
 2168 
 2167 
 2166 
 2165 
 2164 
 2163 
 2162 
 2161 
 2160 
 2159 
 2158 
 2157 
 2156 
 2155 
 2154 
 2153 
 2152 
 2151 
 2150 
 2149 
 2148 
 2147 
 2146 
 2145 
 2144 
 2143 
 2142 
 2141 
 2140 
 2139 
 2138 
 2137 
 2136 
 2135 
 2134 
 2133 
 2132 
 2131 
 2130 
 2129 
 2128 
 2127 
 2126 
 2125 
 2124 
 2123 
 2122 
 2121 
 2120 
 2119 
 2118 
 2117 
 2116 
 2115 
 2114 
 2113 
 2112 
 2111 
 2110 
 2109 
 2108 
 2107 
 2106 
 2105 
 2104 
 2103 
 2102 
 2101 
 2100 
