 3000 
 2999 
 2998 
 2997 
 2996 
 2995 
 2994 
 2993 
 2992 
 2991 
 2990 
 2989 
 2988 
 2987 
 2986 
 2985 
 2984 
 2983 
 2982 
 2981 
 2980 
 2979 
 2978 
 2977 
 2976 
 2975 
 2974 
 2973 
 2972 
 2971 
 2970 
 2969 
 2968 
 2967 
 2966 
 2965 
 2964 
 2963 
 2962 
 2961 
 2960 
 2959 
 2958 
 2957 
 2956 
 2955 
 2954 
 2953 
 2952 
 2951 
 2950 
 2949 
 2948 
 2947 
 2946 
 2945 
 2944 
 2943 
 2942 
 2941 
 2940 
 2939 
 2938 
 2937 
 2936 
 2935 
 2934 
 2933 
 2932 
 2931 
 2930 
 2929 
 2928 
 2927 
 2926 
 2925 
 2924 
 2923 
 2922 
 2921 
 2920 
 2919 
 2918 
 2917 
 2916 
 2915 
 2914 
 2913 
 2912 
 2911 
 2910 
 2909 
 2908 
 2907 
 2906 
 2905 
 2904 
 2903 
 2902 
 2901 
 2900 
 2899 
 2898 
 2897 
 2896 
 2895 
 2894 
 2893 
 2892 
 2891 
 2890 
 2889 
 2888 
 2887 
 2886 
 2885 
 2884 
 2883 
 2882 
 2881 
 2880 
 2879 
 2878 
 2877 
 2876 
 2875 
 2874 
 2873 
 2872 
 2871 
 2870 
 2869 
 2868 
 2867 
 2866 
 2865 
 2864 
 2863 
 2862 
 2861 
 2860 
 2859 
 2858 
 2857 
 2856 
 2855 
 2854 
 2853 
 2852 
 2851 
 2850 
 2849 
 2848 
 2847 
 2846 
 2845 
 2844 
 2843 
 2842 
 2841 
 2840 
 2839 
 2838 
 2837 
 2836 
 2835 
 2834 
 2833 
 2832 
 2831 
 2830 
 2829 
 2828 
 2827 
 2826 
 2825 
 2824 
 2823 
 2822 
 2821 
 2820 
 2819 
 2818 
 2817 
 2816 
 2815 
 2814 
 2813 
 2812 
 2811 
 2810 
 2809 
 2808 
 2807 
 2806 
 2805 
 2804 
 2803 
 2802 
 2801 
 2800 
 2799 
 2798 
 2797 
 2796 
 2795 
 2794 
 2793 
 2792 
 2791 
 2790 
 2789 
 2788 
 2787 
 2786 
 2785 
 2784 
 2783 
 2782 
 2781 
 2780 
 2779 
 2778 
 2777 
 2776 
 2775 
 2774 
 2773 
 2772 
 2771 
 2770 
 2769 
 2768 
 2767 
 2766 
 2765 
 2764 
 2763 
 2762 
 2761 
 2760 
 2759 
 2758 
 2757 
 2756 
 2755 
 2754 
 2753 
 2752 
 2751 
 2750 
 2749 
 2748 
 2747 
 2746 
 2745 
 2744 
 2743 
 2742 
 2741 
 2740 
 2739 
 2738 
 2737 
 2736 
 2735 
 2734 
 2733 
 2732 
 2731 
 2730 
 2729 
 2728 
 2727 
 2726 
 2725 
 2724 
 2723 
 2722 
 2721 
 2720 
 2719 
 2718 
 2717 
 2716 
 2715 
 2714 
 2713 
 2712 
 2711 
 2710 
 2709 
 2708 
 2707 
 2706 
 2705 
 2704 
 2703 
 2702 
 2701 
 2700 
 2699 
 2698 
 2697 
 2696 
 2695 
 2694 
 2693 
 2692 
 2691 
 2690 
 2689 
 2688 
 2687 
 2686 
 2685 
 2684 
 2683 
 2682 
 2681 
 2680 
 2679 
 2678 
 2677 
 2676 
 2675 
 2674 
 2673 
 2672 
 3429 
 3430 
 3431 
 3432 
 3433 
 3434 
 3435 
 3436 
 3437 
 3438 
 3439 
 3440 
 3441 
 3442 
 3443 
 3444 
 3445 
 3446 
 3447 
 3448 
 3449 
 3450 
 3451 
 3452 
 3453 
 3454 
 3455 
 3456 
 3457 
 3458 
 3459 
 3460 
 3461 
 3462 
 3463 
 3464 
 3465 
 3466 
 3467 
 3468 
 3469 
 3470 
 3471 
 3472 
 3473 
 3474 
 3475 
 3476 
 3477 
 3478 
 3479 
 3480 
 3481 
 3482 
 3483 
 3484 
 3485 
 3486 
 3487 
 3488 
 3489 
 3490 
 3491 
 3492 
 3493 
 3494 
 3495 
 3496 
 3497 
 3498 
 3499 
 3500 
 3501 
 3502 
 3503 
 3504 
 3505 
 3506 
 3507 
 3508 
 3509 
 3510 
 3511 
 3512 
 3513 
 3514 
 3515 
 3516 
 3517 
 3518 
 3519 
 3520 
 3521 
 3522 
 3523 
 3524 
 3525 
 3526 
 3527 
 3528 
 3529 
 3530 
 3531 
 3532 
 3533 
 3534 
 3535 
 3536 
 3537 
 3538 
 3539 
 3540 
 3541 
 3542 
 3543 
 3544 
 3545 
 3546 
 3547 
 3548 
 3549 
 3550 
 3551 
 3552 
 3553 
 3554 
 3555 
 3556 
 3557 
 3558 
 3559 
 3560 
 3561 
 3562 
 3563 
 3564 
 3565 
 3566 
 3567 
 3568 
 3569 
 3570 
 3571 
 3572 
 3573 
 3574 
 3575 
 3576 
 3577 
 3578 
 3579 
 3580 
 3581 
 3582 
 3583 
 3584 
 3585 
 3586 
 3587 
 3588 
 3589 
 3590 
 3591 
 3592 
 3593 
 3594 
 3595 
 3596 
 3597 
 3598 
 3599 
 3600 
 3601 
 3602 
 3603 
 3604 
 3605 
 3606 
 3607 
 3608 
 3609 
 3610 
 3611 
 3612 
 3613 
 3614 
 3615 
 3616 
 3617 
 3618 
 3619 
 3620 
 3621 
 3622 
 3623 
 3624 
 3625 
 3626 
 3627 
 3628 
 3629 
 3630 
 3631 
 3632 
 3633 
 3634 
 3635 
 3636 
 3637 
 3638 
 3639 
 3640 
 3641 
 3642 
 3643 
 3644 
 3645 
 3646 
 3647 
 3648 
 3649 
 3650 
 3651 
 3652 
 3653 
 3654 
 3655 
 3656 
 3657 
 3658 
 3659 
 3660 
 3661 
 3662 
 3663 
 3664 
 3665 
 3666 
 3667 
 3668 
 3669 
 3670 
 3671 
 3672 
 3673 
 3674 
 3675 
 3676 
 3677 
 3678 
 3679 
  656 
 3679 
 3680 
 3681 
 3682 
 3683 
 3684 
 3685 
 3686 
 3687 
 3688 
 3689 
 3690 
 3691 
 3692 
 3693 
 3694 
 3695 
 3696 
 3697 
 3698 
 3699 
 3700 
 3701 
 3702 
 3703 
 3704 
 3705 
 3706 
 3707 
 3708 
 3709 
 3710 
 3711 
 3712 
 3713 
 3714 
 3715 
 3716 
 3717 
 3718 
 3719 
 3720 
 3721 
 3722 
 3723 
 3724 
 3725 
 3726 
 3727 
  761 
  762 
  763 
  764 
  765 
  766 
  767 
  768 
  769 
  770 
  771 
  772 
  773 
  774 
  775 
  776 
  777 
  778 
  779 
  780 
  781 
  782 
  783 
  784 
  785 
  786 
  787 
  788 
  789 
  790 
  791 
  792 
  793 
  794 
  795 
  796 
  797 
  798 
  799 
  800 
  801 
  802 
  803 
  804 
  805 
  806 
  807 
  808 
  809 
  810 
  811 
  812 
  813 
  814 
  815 
  816 
  817 
  818 
  819 
  820 
  821 
  822 
  823 
  824 
  825 
  826 
  827 
  828 
  829 
  830 
  831 
  832 
  833 
  834 
  835 
  836 
  837 
  838 
  839 
  840 
  841 
  842 
  843 
  844 
  845 
  846 
  847 
  848 
  849 
  850 
  851 
 3812 
 3813 
 3814 
 3815 
 3816 
 3817 
 3818 
 3819 
 3820 
 3821 
 3822 
 3823 
 3824 
 3825 
 3826 
  866 
  867 
  868 
  869 
  870 
  871 
  872 
  873 
  874 
  875 
  876 
  877 
  878 
  879 
  880 
  881 
  882 
  883 
  884 
  885 
  886 
  887 
  888 
  889 
  890 
  891 
  892 
  893 
  894 
  895 
  896 
  897 
  898 
  899 
  900 
  901 
  902 
  903 
  904 
  905 
  906 
  907 
  908 
  909 
  910 
  911 
  912 
  913 
  914 
  915 
  916 
  917 
  918 
  919 
  920 
  921 
  922 
  923 
  924 
  925 
  926 
  927 
  928 
  929 
  930 
  931 
  932 
  933 
  934 
  935 
  936 
  937 
  938 
  939 
  940 
  941 
  942 
  943 
  944 
  945 
  946 
  947 
  948 
  949 
  950 
  951 
  952 
  953 
  954 
  955 
  956 
  957 
  958 
  959 
  960 
  961 
  962 
  963 
  964 
  965 
 3920 
 3921 
 3922 
 3923 
 3924 
 3925 
 3926 
 3927 
 3928 
 3929 
 3930 
 3931 
 3932 
 3933 
 3934 
 3935 
 3936 
 3937 
 3938 
 3939 
  980 
  981 
  982 
  983 
  984 
  985 
  986 
  987 
  988 
  989 
 3949 
 3950 
 3951 
 3952 
 3953 
 3954 
 3955 
 3956 
 3957 
 3958 
 3959 
 3960 
 3961 
 3962 
 3963 
  999 
 1000 
 1001 
 1002 
 1003 
 1004 
 1005 
 1006 
 1007 
 1008 
 1009 
 1010 
 1011 
 1012 
 1013 
 1014 
 1015 
 1016 
 1017 
 1018 
 1019 
 1020 
 1021 
 1022 
 1023 
 1024 
 1025 
 1026 
 1027 
 1028 
 1029 
 1030 
 1031 
 1032 
 1033 
 1034 
 1035 
 1036 
 1037 
 1038 
 1039 
 1040 
 1041 
 1042 
 1043 
 1044 
 1045 
 1046 
 1047 
 1048 
 1049 
 1050 
 1051 
 1052 
 1053 
 1054 
 1055 
 1056 
 1057 
 1058 
 1059 
 1060 
 1061 
 1062 
 1063 
 1064 
 1065 
 1066 
 1067 
 1068 
 1069 
 1070 
 1071 
 1072 
 1073 
 1074 
 1075 
 1076 
 1077 
 1078 
 1079 
 1080 
 1081 
 1082 
 1083 
 1084 
 1085 
 1086 
 1087 
 1088 
 1089 
 1090 
 1091 
 1092 
 1093 
 1094 
 1095 
 1096 
 1097 
 1098 
 1099 
 1100 
 1101 
 1102 
 1103 
 1104 
 1105 
 1106 
 1107 
 1108 
 1109 
 1110 
 1111 
 1112 
 1113 
 1114 
 1115 
 1116 
 1117 
 1118 
 1119 
 1120 
 1121 
 1122 
 1123 
 1124 
 1125 
 1126 
 1127 
 1128 
 1129 
 1130 
 1131 
 1132 
 1133 
 1134 
 1135 
 1136 
 1137 
 1138 
 1139 
 1140 
 1141 
 1142 
 1143 
 1144 
 1145 
 1146 
 1147 
 1148 
 1149 
 1150 
 1151 
 1152 
 1153 
 1154 
 1155 
 1156 
 1157 
 1158 
 1159 
 1160 
 1161 
 1162 
 1163 
 1164 
 1165 
 1166 
 1167 
 1168 
 1169 
 1170 
 1171 
 1172 
 1173 
 1174 
 1175 
 1176 
 1177 
 1178 
 1179 
 1180 
 1181 
 1182 
 1183 
 1184 
 1185 
 1186 
 1187 
 1188 
 1189 
 1190 
 1191 
 1192 
 1193 
 1194 
 1195 
 1196 
 1197 
 1198 
 1199 
 1200 
 1201 
 1202 
 1203 
 1204 
 1205 
 1206 
 1207 
 1208 
 1209 
 1210 
 1211 
 1212 
 1213 
 1214 
 1215 
 1216 
 1217 
 1218 
 1219 
 1220 
 1221 
 1222 
 1223 
 1224 
 1225 
 1226 
 1227 
 1228 
 1229 
 1230 
 1231 
 1232 
 1233 
 1234 
 1235 
 1236 
 1237 
 1238 
 1239 
 1240 
 1241 
 1242 
 1243 
 1244 
 1245 
 1246 
 1247 
 1248 
 1249 
 1250 
 1251 
 1252 
 1253 
 1254 
 1255 
 1256 
 1257 
 1258 
 1259 
 1260 
 1261 
 1262 
 1263 
 1264 
 1265 
 1266 
 1267 
 1268 
 1269 
 1270 
 1271 
 1272 
 1273 
 1274 
 1275 
 1276 
 1277 
 1278 
 1279 
 1280 
 1281 
 1282 
 1283 
 1284 
 1285 
 1286 
 1287 
 1288 
 1289 
 1290 
 1291 
 1292 
 1293 
 1294 
 1295 
 1296 
 1297 
 1298 
 1299 
 1300 
 1301 
 1302 
 1303 
 1304 
 1305 
 1306 
 1307 
 1308 
 1309 
 1310 
 1311 
 1312 
 1313 
 1314 
 1315 
 1316 
 1317 
 1318 
 1319 
 1320 
 1321 
 1322 
 1323 
 1324 
 1325 
 1326 
 1327 
 1328 
 1329 
 1330 
 1331 
 1332 
 1333 
 1334 
 1335 
 1336 
 1337 
 1338 
 1339 
 1340 
 1341 
 1342 
 1343 
 1344 
 1345 
 1346 
 1347 
 1348 
 1349 
 1350 
 1351 
 1352 
 1353 
 1354 
 1355 
 1356 
 1357 
 1358 
 1359 
 1360 
 1361 
 1362 
 1363 
 1364 
 1365 
 1366 
 1367 
 1368 
 1369 
 1370 
 1371 
 1372 
 1373 
 1374 
 1375 
 1376 
 1377 
 1378 
 1379 
 1380 
 1381 
 1382 
 1383 
 1384 
 1385 
 1386 
 1387 
 1388 
 1389 
 1390 
 1391 
 1392 
 1393 
 1394 
 1395 
 1396 
 1397 
 1398 
 1399 
 1400 
 1401 
 1402 
 1403 
 1404 
 1405 
 1406 
 1407 
 1408 
 1409 
 1410 
 1411 
 1412 
 1413 
 1414 
 1415 
 1416 
 1417 
 1418 
 1419 
 1420 
 1421 
 1422 
 1423 
 1424 
 1425 
 1426 
 1427 
 1428 
 1429 
 1430 
 1431 
 1432 
 1433 
 1434 
 1435 
 1436 
 1437 
 1438 
 1439 
 1440 
 1441 
 1442 
 1443 
 1444 
 1445 
 1446 
 1447 
 1448 
 1449 
 1450 
 1451 
 1452 
 1453 
 1454 
 1455 
 1456 
 1457 
 1458 
 1459 
 1460 
 1461 
 1462 
 1463 
 1464 
 1465 
 1466 
 1467 
 1468 
 1469 
 1470 
 1471 
 1472 
 1473 
 1474 
 1475 
 1476 
 1477 
 1478 
 1479 
 1480 
 1481 
 1482 
 1483 
 1484 
 1485 
 1486 
 1487 
 1488 
 1489 
 1490 
 1491 
 1492 
 1493 
 1494 
 1495 
 1496 
 1497 
 1498 
 1499 
 1500 
 1501 
 1502 
 1503 
 1504 
 1505 
 1506 
 1507 
 1508 
 1509 
 1510 
 1511 
 1512 
 1513 
 1514 
 1515 
 1516 
 1517 
 1518 
 1519 
 1520 
 1521 
 1522 
 1523 
 1524 
 1525 
 1526 
 1527 
 1528 
 1529 
 1530 
 1531 
 1532 
 1533 
 1534 
 1535 
 1536 
 1537 
 1538 
 1539 
 1540 
 1541 
 1542 
 1543 
 1544 
 1545 
 1546 
 1547 
 1548 
 1549 
 1550 
 1551 
 1552 
 1553 
 1554 
 1555 
 1556 
 1557 
 1558 
 1559 
 1560 
 1561 
 1562 
 1563 
 1564 
 1565 
 1566 
 1567 
 1568 
 1569 
 1570 
 1571 
 1572 
 1573 
 1574 
 1575 
 1576 
 1577 
 1578 
 1579 
 1580 
 1581 
 1582 
 1583 
 1584 
 1585 
 1586 
 1587 
 1588 
 1589 
 1590 
 1591 
 1592 
 1593 
 1594 
 1595 
 1596 
 1597 
 1598 
 1599 
 1600 
 1601 
 1602 
 1603 
 1604 
 1605 
 1606 
 1607 
 1608 
 1609 
 1610 
 1611 
 1612 
 1613 
 1614 
 1615 
 1616 
 1617 
 1618 
 1619 
 1620 
 1621 
 1622 
 1623 
 1624 
 1625 
 1626 
 1627 
 1628 
 1629 
 1630 
 1631 
 1632 
 1633 
 1634 
 1635 
 1636 
 1637 
 1638 
 1639 
 1640 
 1641 
 1642 
 1643 
 1644 
 1645 
 1646 
 1647 
 1648 
 1649 
 1650 
 1651 
 1652 
 1653 
 1654 
 1655 
 1656 
 1657 
 1658 
 1659 
 1660 
 1661 
 1662 
 1663 
 1664 
 1665 
 1666 
 1667 
 1668 
 1669 
 1670 
 1671 
 1672 
 1673 
 1674 
 1675 
 1676 
 1677 
 1678 
 1679 
 1680 
 1681 
 1682 
 1683 
 1684 
 1685 
 1686 
 1687 
 1688 
 1689 
 1690 
 1691 
 1692 
 1693 
 1694 
 1695 
 1696 
 1697 
 1698 
 1699 
 1700 
 1701 
 1702 
 1703 
 1704 
 1705 
 1706 
 1707 
 1708 
 1709 
 1710 
 1711 
 1712 
 1713 
 1714 
 1715 
 1716 
 1717 
 1718 
 1719 
 1720 
 1721 
 1722 
 1723 
 1724 
 1725 
 1726 
 1727 
 1728 
 1729 
 1730 
 1731 
 1732 
 1733 
 1734 
 1735 
 1736 
 1737 
 1738 
 1739 
 1740 
 1741 
 1742 
 1743 
 1744 
 1745 
 1746 
 1747 
 1748 
 1749 
 1750 
 1751 
 1752 
 1753 
 1754 
 1755 
 1756 
 1757 
 1758 
 1759 
 1760 
 1761 
 1762 
 1763 
 1764 
 1765 
 1766 
 1767 
 1768 
 1769 
 1770 
 1771 
 1772 
 1773 
 1774 
 1775 
 1776 
 1777 
 1778 
 1779 
 1780 
 1781 
 1782 
 1783 
 1784 
 1785 
 1786 
 1787 
 1788 
 1789 
 1790 
 1791 
 1792 
 1793 
 1794 
 1795 
 1796 
 1797 
 1798 
 1799 
 1800 
 1801 
 1802 
 1803 
 1804 
 1805 
 1806 
 1807 
 1808 
 1809 
 1810 
 1811 
 1812 
 1813 
 1814 
 1815 
 1816 
 1817 
 1818 
 1819 
 1820 
 1821 
 1822 
 1823 
 1824 
 1825 
 1826 
 1827 
 1828 
 1829 
 1830 
 1831 
 1832 
 1833 
 1834 
 1835 
 1836 
 1837 
 1838 
 1839 
 1840 
 1841 
 1842 
 1843 
 1844 
 1845 
 1846 
 1847 
 1848 
 1849 
 1850 
 1851 
 1852 
 1853 
 1854 
 1855 
 1856 
 1857 
 1858 
 1859 
 1860 
 1861 
 1862 
 1863 
 1864 
 1865 
 1866 
 1867 
 1868 
 1869 
 1870 
 1871 
 1872 
 1873 
 1874 
 1875 
 1876 
 1877 
 1878 
 1879 
 1880 
 1881 
 1882 
 1883 
 1884 
 1885 
 1886 
 1887 
 1888 
 1889 
 1890 
 1891 
 1892 
 1893 
 1894 
 1895 
 1896 
 1897 
 1898 
 1899 
 1900 
 1901 
 1902 
 1903 
 1904 
 1905 
 1906 
 1907 
 1908 
 1909 
 1910 
 1911 
 1912 
 1913 
 1914 
 1915 
 1916 
 1917 
 1918 
 1919 
 1920 
 1921 
 1922 
 1923 
 1924 
 1925 
 1926 
 1927 
 1928 
 1929 
 1930 
 1931 
 1932 
 1933 
 1934 
 1935 
 1936 
 1937 
 1938 
 1939 
 1940 
 1941 
 1942 
 1943 
 1944 
 1945 
 1946 
 1947 
 1948 
 1949 
 1950 
 1951 
 1952 
 1953 
 1954 
 1955 
 1956 
 1957 
 1958 
 1959 
 1960 
 1961 
 1962 
 1963 
 1964 
 1965 
 1966 
 1967 
 1968 
 1969 
 1970 
 1971 
 1972 
 1973 
 1974 
 1975 
 1976 
 1977 
 1978 
 1979 
 1980 
 1981 
 1982 
 1983 
 1984 
 1985 
 1986 
 1987 
 1988 
 1989 
 1990 
 1991 
 1992 
 1993 
 1994 
 1995 
 1996 
 1997 
 1998 
 1999 
 2000 
 2001 
 2002 
 2003 
 2004 
 2005 
 2006 
 2007 
 2008 
 2009 
 2010 
 2011 
 2012 
 2013 
 2014 
 2015 
 2016 
 2017 
 2018 
 2019 
 2020 
 2021 
 2022 
 2023 
 2024 
 2025 
 2026 
 2027 
 2028 
 2029 
 2030 
 2031 
 2032 
 2033 
 2034 
 2035 
 2036 
 2037 
 2038 
 2039 
 2040 
 2041 
 2042 
 2043 
 2044 
 2045 
 2046 
 2047 
 2048 
 2049 
 2050 
 2051 
 2052 
 2053 
 2054 
 2055 
 2056 
 2057 
 2058 
 2059 
 2060 
 2061 
 2062 
 2063 
 2064 
 2065 
 2066 
 2067 
 2068 
 2069 
 2070 
 2071 
 2072 
 2073 
 2074 
 2075 
 2076 
 2077 
 2078 
 2079 
 2080 
 2081 
 2082 
 2083 
 2084 
 2085 
 2086 
 2087 
 2088 
 2089 
 2090 
 2091 
 2092 
 2093 
 2094 
 2095 
 2096 
 2097 
 2098 
 2099 
 2100 
