 3000 
 2999 
 2998 
 2997 
 2996 
 2995 
 2994 
 2993 
 2992 
 2991 
 2990 
 2989 
 2988 
 2987 
 2986 
 2985 
 2984 
 2983 
 2982 
 2981 
 2980 
 2979 
 2978 
 2977 
 2976 
 2975 
 2974 
 2973 
 2972 
 2971 
 2970 
 2969 
 2968 
 2967 
 2966 
 2965 
 2964 
 2963 
 2962 
 2961 
 2960 
 2959 
 2958 
 2957 
 2956 
 2955 
 2954 
 2953 
 2952 
 2951 
 2950 
 2949 
 2948 
 2947 
 2946 
 2945 
 2944 
 2943 
 2942 
 2941 
 2940 
 2939 
 2938 
 2937 
 2936 
 2935 
 2934 
 2933 
 2932 
 2931 
 2930 
 2929 
 2928 
 2927 
 2926 
 2925 
 2924 
 2923 
 2922 
 2921 
 2920 
 2919 
 2918 
 2917 
 2916 
 2915 
 2914 
 2913 
 2912 
 2911 
 2910 
 2909 
 2908 
 2907 
 2906 
 2905 
 2904 
 2903 
 2902 
 2901 
 2900 
 2899 
 2898 
 2897 
 2896 
 2895 
 2894 
 2893 
 2892 
 2891 
 2890 
 2889 
 2888 
 2887 
 2886 
 2885 
 2884 
 2883 
 2882 
 2881 
 2880 
 2879 
 2878 
 2877 
 2876 
 2875 
 2874 
 2873 
 2872 
 2871 
 2870 
 2869 
 2868 
 2867 
 2866 
 2865 
 2864 
 2863 
 2862 
 2861 
 2860 
 2859 
 2858 
 2857 
 2856 
 2855 
 2854 
 2853 
 2852 
 2851 
 2850 
 2849 
 2848 
 2847 
 2846 
 2845 
 2844 
 2843 
 2842 
 2841 
 2840 
 2839 
 2838 
 2837 
 2836 
 2835 
 2834 
 2833 
 2832 
 2831 
 2830 
 2829 
 2828 
 2827 
 2826 
 2825 
 2824 
 2823 
 2822 
 2821 
 2820 
 2819 
 2818 
 2817 
 2816 
 2815 
 2814 
 2813 
 2812 
 2811 
 2810 
 2809 
 2808 
 2807 
 2806 
 2805 
 2804 
 2803 
 2802 
 2801 
 2800 
 2799 
 2798 
 2797 
 2796 
 2795 
 2794 
 2793 
 2792 
 2791 
 2790 
 2789 
 2788 
 2787 
 2786 
 2785 
 2784 
 2783 
 2782 
 2781 
 2780 
 2779 
 2778 
 2777 
 2776 
 2775 
 2774 
 2773 
 2772 
 2771 
 2770 
 2769 
 2768 
 2767 
 2766 
 2765 
 2764 
 2763 
 2762 
 2761 
 2760 
 2759 
 2758 
 2757 
 2756 
 2755 
 2754 
 2753 
 2752 
 2751 
 2750 
 2749 
 2748 
 2747 
 2746 
 2745 
 2744 
 2743 
 2742 
 2741 
 2740 
 2739 
 2738 
 2737 
 2736 
 2735 
 2734 
 2733 
 2732 
 2731 
 2730 
 2729 
 2728 
 2727 
 2726 
 2725 
 2724 
 2723 
 2722 
 2721 
 2720 
 2719 
 2718 
 2717 
 2716 
 2715 
 2714 
 2713 
 2712 
 2711 
 2710 
 2709 
 2708 
 2707 
 2706 
 2705 
 2704 
 2703 
 2702 
 2701 
 2700 
 2699 
 2698 
 2697 
 2696 
 2695 
 2694 
 2693 
 2692 
 2691 
 2690 
 2689 
 2688 
 2687 
 2686 
 2685 
 2684 
 2683 
 2682 
 2681 
 2680 
 2679 
 2678 
 2677 
 2676 
 2675 
 2674 
 2673 
 2672 
 2671 
 2670 
 2669 
 2668 
 2667 
 2666 
 2665 
 2664 
 2663 
 2662 
 2661 
 2660 
 2659 
 2658 
 2657 
 2656 
 2655 
 2654 
 2653 
 2652 
 2651 
 2650 
 2649 
 2648 
 2647 
 2646 
 2645 
 2644 
 2643 
 2642 
 2641 
 2640 
 2639 
 2638 
 2637 
 2636 
 2635 
 2634 
 2633 
 2632 
 2631 
 2630 
 2629 
 2628 
 2627 
 2626 
 2625 
 2624 
 2623 
 2622 
 2621 
 2620 
 2619 
 2618 
 2617 
 2616 
 2615 
 2614 
 2613 
 2612 
 2611 
 2610 
 2609 
 2608 
 2607 
 2606 
 2605 
 2604 
 2603 
 2602 
 2601 
 2600 
 2599 
 2598 
 2597 
 2596 
 2595 
 2594 
 2593 
 2592 
 2591 
 2590 
 2589 
 2588 
 2587 
 2586 
 2585 
 2584 
 2583 
 2582 
 2581 
 2580 
 2579 
 2578 
 2577 
 2576 
 2575 
 2574 
 2573 
 2572 
 2571 
 2570 
 2569 
 2568 
 2567 
 2566 
 2565 
 2564 
 2563 
 2562 
 2561 
 2560 
 2559 
 2558 
 2557 
 2556 
 2555 
 2554 
 2553 
 2552 
 2551 
 2550 
 2549 
 2548 
 2547 
 2546 
 2545 
 2544 
 2543 
 2542 
 2541 
 2540 
 2539 
 2538 
 2537 
 2536 
 2535 
 2534 
 2533 
 2532 
 2531 
 2530 
 2529 
 2528 
 2527 
 2526 
 2525 
 2524 
 2523 
 2522 
 2521 
 2520 
 2519 
 2518 
 2517 
 2516 
 2515 
 2514 
 2513 
 2512 
 2511 
 2510 
 2509 
 2508 
 2507 
 2506 
 2005 
 2006 
 2007 
 2008 
 2009 
 2010 
 2011 
 2012 
 2013 
 2014 
 2015 
 2016 
 2017 
 2018 
 2019 
 2020 
 2021 
 2022 
 2023 
 2024 
 2025 
 2026 
 2027 
 2028 
 2029 
 2030 
 2031 
 2032 
 2033 
 2034 
 2035 
 2036 
 2037 
 2038 
 2039 
 2040 
 2041 
 2042 
 2043 
 2044 
 2045 
 2046 
 2047 
 2048 
 2049 
 2050 
 2051 
 2052 
 2053 
 2054 
 2055 
 2056 
 2057 
 2058 
 2059 
 2060 
 2061 
 2062 
 2063 
 2064 
 2065 
 2066 
 2067 
 2068 
 2069 
 2070 
 2071 
 2072 
 2073 
 2074 
 2075 
 2076 
 2077 
 2078 
 2079 
 2080 
 2081 
 2082 
 2083 
 2084 
 2085 
 2086 
 2087 
 2088 
 2089 
 2090 
 2091 
 2092 
 2093 
 2094 
 2095 
 2096 
 2097 
 2098 
 2099 
 2100 
