 3000 
 3001 
 3002 
 3003 
 3004 
 3005 
 3006 
 3007 
 3008 
 3009 
 3010 
 3011 
 3012 
 3013 
 3014 
 3015 
 3016 
 3017 
 3018 
 3019 
 3020 
 3021 
 3022 
 3023 
 3024 
 3025 
 3026 
 3027 
 3028 
 3029 
 3030 
 3031 
 3032 
 3033 
 3034 
 3035 
 3036 
 3037 
 3038 
 3039 
 3040 
 3041 
 3042 
 3043 
 3044 
 3045 
 3046 
 3047 
 3048 
 3049 
 3050 
 3051 
 3052 
 3053 
 3054 
 3055 
 3056 
 3057 
 3058 
 3059 
 3060 
 3061 
 3062 
 3063 
 3064 
 3065 
 3066 
 3067 
 3068 
 3069 
 3070 
 3071 
 3072 
 3073 
 3074 
 3075 
 3076 
 3077 
 3078 
 3079 
 3080 
 3081 
 3082 
 3083 
 3084 
 3085 
 3086 
 3087 
 3088 
 3089 
 3090 
 3091 
 3092 
 3093 
 3094 
 3095 
 3096 
 3097 
 3098 
 3099 
 3100 
 3101 
 3102 
 3103 
 3104 
 3105 
 3106 
 3107 
 3108 
 3109 
 3110 
 3111 
 3112 
 3113 
 3114 
 3115 
 3116 
 3117 
 3118 
 3119 
 3120 
 3121 
 3122 
 3123 
 3124 
 3125 
 3126 
 3127 
 3128 
 3129 
 3130 
 3131 
 3132 
 3133 
 3134 
 3135 
 3136 
 3137 
 3138 
 3139 
 3140 
 3141 
 3142 
 3143 
 3144 
 3145 
 3146 
 3147 
 3148 
 3149 
 3150 
 3151 
 3152 
 3153 
 3154 
 3155 
 3156 
 3157 
 3158 
 3159 
 3160 
 3161 
 3162 
 3163 
 3164 
 3165 
 3166 
 3167 
 3168 
 3169 
 3170 
 3171 
 3172 
 3173 
 3174 
 3175 
 3176 
 3177 
 3178 
 3179 
 3180 
 3181 
 3182 
 3183 
 3184 
 3185 
 3186 
 3187 
 3188 
 3189 
 3190 
 3191 
 3192 
 3193 
 3194 
 3195 
 3196 
 3197 
 3198 
 3199 
 3200 
 3201 
 3202 
 3203 
 3204 
 3205 
 3206 
 3207 
 3208 
 3209 
 3210 
 3211 
 3212 
 3213 
 3214 
 3215 
 3216 
 3217 
 3218 
 3219 
 3220 
 3221 
 3222 
 3223 
 3224 
 3225 
 3226 
 3227 
 3228 
 3229 
 3230 
 3231 
 3232 
 3233 
 3234 
 3235 
 3236 
 3237 
 3238 
 3239 
 3240 
 3241 
 3242 
 3243 
 3244 
 3245 
 3246 
 3247 
 3248 
 3249 
 3250 
 3251 
 3252 
 3253 
 3254 
 3255 
 3256 
 3257 
 3258 
 3259 
 3260 
 3261 
 3262 
 3263 
 3264 
 3265 
 3266 
 3267 
 3268 
 3269 
 3270 
 3271 
 3272 
 3273 
 3274 
 3275 
 3276 
 3277 
 3278 
 3279 
 3280 
 3281 
 3282 
 3283 
 3284 
 3285 
 3286 
 3287 
 3288 
 3289 
 3290 
 3291 
 3292 
 3293 
 3294 
 3295 
 3296 
 3297 
 3298 
 3299 
 3300 
 3301 
 3302 
 3303 
 3304 
 3305 
 3306 
 3307 
 3308 
 3309 
 3310 
 3311 
 3312 
 3313 
 3314 
 3315 
 3316 
 3317 
 3318 
 3319 
 3320 
 3321 
 3322 
 3323 
 3324 
 3325 
 3326 
 3327 
 3328 
 3329 
 3330 
 3331 
 3332 
 3333 
 3334 
 3335 
 3336 
 3337 
 3338 
 3339 
 3340 
 3341 
 3342 
 3343 
 3344 
 3345 
 3346 
 3347 
 3348 
 3349 
 3350 
 3351 
 3352 
 3353 
 3354 
 3355 
 3356 
 3357 
 3358 
 3359 
 3360 
 3361 
 3362 
 3363 
 3364 
 3365 
 3366 
 3367 
 3368 
 3369 
 3370 
 3371 
 3372 
 3373 
 3374 
 3375 
 3376 
 3377 
 3378 
 3379 
 3380 
 3381 
 3382 
 3383 
 3384 
 3385 
 3386 
 3387 
 3388 
 3389 
 3390 
 3391 
 3392 
 3393 
 3394 
 3395 
 3396 
 3397 
 3398 
 3399 
 3400 
 3401 
 3402 
 3403 
 3404 
 3405 
 3406 
 3407 
 3408 
 3409 
 3410 
 3411 
 3412 
 3413 
 3414 
 3415 
 3416 
 3417 
 3418 
 3419 
 3420 
 3421 
 3422 
 3423 
 3424 
 3425 
 3426 
 3427 
 3428 
 3429 
 2672 
 2671 
 2670 
 2669 
 2668 
 2667 
 2666 
 2665 
 2664 
 2663 
 2662 
 2661 
 2660 
 2659 
 2658 
 2657 
 2656 
 2655 
 2654 
 2653 
 2652 
 2651 
 2650 
 2649 
 2648 
 2647 
 2646 
 2645 
 2644 
 2643 
 2642 
 2641 
 2640 
 2639 
 2638 
 2637 
 2636 
 2635 
 2634 
 2633 
 2632 
 2631 
 2630 
 2629 
 2628 
 2627 
 2626 
 2625 
 2624 
 2623 
 2622 
 2621 
 2620 
 2619 
 2618 
 2617 
 2616 
 2615 
 2614 
 2613 
 2612 
 2611 
 2610 
 2609 
 2608 
 2607 
 2606 
 2605 
 2604 
 2603 
 2602 
 2601 
 2600 
 2599 
 2598 
 2597 
 2596 
 2595 
 2594 
 2593 
 2592 
 2591 
 2590 
 2589 
 2588 
 2587 
 2586 
 2585 
 2584 
 2583 
 2582 
 2581 
 2580 
 2579 
 2578 
 2577 
 2576 
 2575 
 2574 
 2573 
 2572 
 2571 
 2570 
 2569 
 2568 
 2567 
 2566 
 2565 
 2564 
 2563 
 2562 
 2561 
 2560 
 2559 
 2558 
 2557 
 2556 
 2555 
 2554 
 2553 
 2552 
 2551 
 2550 
 2549 
 2548 
 2547 
 2546 
 2545 
 2544 
 2543 
 2542 
 2541 
 2540 
 2539 
 2538 
 2537 
 2536 
 2535 
 2534 
 2533 
 2532 
 2531 
 2530 
 2529 
 2528 
 2527 
 2526 
 2525 
 2524 
 2523 
 2522 
 2521 
 2520 
 2519 
 2518 
 2517 
 2516 
 2515 
 2514 
 2513 
 2512 
 2511 
 2510 
 2509 
 2508 
 2507 
 2506 
 2005 
 2006 
 2007 
 2008 
 2009 
 2010 
 2011 
 2012 
 2013 
 2014 
 2015 
 2016 
 2017 
 2018 
 2019 
 2020 
 2021 
 2022 
 2023 
 2024 
 2025 
 2026 
 2027 
 2028 
 2029 
 2030 
 2031 
 2032 
 2033 
 2034 
 2035 
 2036 
 2037 
 2038 
 2039 
 2040 
 2041 
 2042 
 2043 
 2044 
 2045 
 2046 
 2047 
 2048 
 2049 
 2050 
 2051 
 2052 
 2053 
 2054 
 2055 
 2056 
 2057 
 2058 
 2059 
 2060 
 2061 
 2062 
 2063 
 2064 
 2065 
 2066 
 2067 
 2068 
 2069 
 2070 
 2071 
 2072 
 2073 
 2074 
 2075 
 2076 
 2077 
 2078 
 2079 
 2080 
 2081 
 2082 
 2083 
 2084 
 2085 
 2086 
 2087 
 2088 
 2089 
 2090 
 2091 
 2092 
 2093 
 2094 
 2095 
 2096 
 2097 
 2098 
 2099 
 2100 
