		   1
          21
          30
          37
          68
          75
         112
         141
         268
         447
         476
         547
         553
         567
         609
         619
         654
         730
         751
         763
         777
         782
         809
         817
         826
         835
         843
         867
         884
         898
         921
         939
         952
         977
         994
        1003
        1017
        1056
        1057
        1066
        1126
        1149
        1160
        1175
        1192
        1202
        1214
        1225
        1230
        1247
        1268
        1284
        1631
        1689
        1728
        1744
        1769
        1776
        1786
        1800
        1824
        1882
        1894
        1910
        1984
        2116
        2262
        2327
        2378
        2402
        2434
        2452
        2483
        2516
        2559
        2592
        2596
        2616
        2626
        2634
        2651
        2670
        2682
        2692
        2697
        2711
        2725
        2732
