27
29.5775334615675
31.7474247773768
33.5394119636234
34.9832330365025
36.1086260122094
36.9453289069396
37.5230797368885
37.8716165182512
38.0206772672233
38
37.8393227327767
37.5683834817488
37.2169202631115
36.8146710930604
36.3913739877906
35.9767669634976
35.6005880363766
35.2925752226232
35.0824665384325
35
35.0651756073257
35.2590412956281
35.5529069839305
35.9180825912561
36.3258780366283
36.7476032390701
37.1545681176050
37.5180825912561
37.8094565790467
38
38.0719748379207
38.0514513357390
37.9754518011666
37.8809985419152
37.8051138656964
37.7848200802219
37.8571394932033
38.0590944123524
38.4277071453807
39
39.7959250409916
40.7671533614160
41.8482858114031
42.9739232410832
44.0786665005862
45.0971164400424
45.9638739095817
46.6135397593344
46.9807148394304
47
46.6233249981128
45.8719352185972
44.7844049532210
43.3993084937522
41.7552201319588
39.8907141596087
37.8443648684698
35.6547465503101
33.3604334968976
31
28.6177749665571
26.2811057641954
24.0630943757130
22.0368427839079
20.2754529715785
18.8520269215228
17.8396666165389
17.3114740394251
17.3405511729794
18
19.3265751356586
21.2116417246212
23.5102175439272
26.0773203706160
28.7679679817272
31.4371781543003
33.9399686653746
36.1313572919897
37.8663618111850
39
39.4329244908083
39.2483273373197
38.5750354485783
37.5418757336279
36.2776751015126
34.9112604612762
33.5714587219628
32.3870967926163
31.4870015822807
31
31.0227269011082
31.5230489260998
32.4366406617597
33.6991766948723
35.2463316122225
37.0137800005949
38.9371964467742
40.9522555375450
42.9946318596920
45
46.9151679047590
48.7314769582809
50.4514019043830
52.0774174868827
53.6119984495973
55.0576195363441
56.4167554909405
57.6918810572037
58.8854709789511
60
61.0386014798559
62.0070432407766
62.9117517207082
63.7591533575968
64.5556745893882
65.3077418540286
66.0217815894640
66.7042202336403
67.3614842245036
68
68.6234261758175
69.2243500786126
69.7925912127840
70.3179690827302
70.7903031928498
71.1994130475414
71.5351181512037
71.7872380082351
71.9455921230344
72
71.9416938168741
71.7675564447729
71.4758834281558
71.0649703114825
70.5331126392126
69.8786059558057
69.0997458057214
68.1948277334192
67.1621472833589
66
64.7157985566860
63.3534241422960
61.9658750745929
60.6061496713399
59.3272462502999
58.1821631292359
57.2238986259109
56.5054510580879
56.0798187435300
56
56.2991119563820
56.9307469860433
57.8286162734725
58.9264310031578
60.1579023595878
61.4567415272507
62.7566596906350
63.9913680342290
65.0945777425212
66
66.6557536177862
67.0675879135308
67.2556598315172
67.2401263160288
67.0411443113491
66.6788707617614
66.1734626115493
65.5450768049960
64.8138702863851
64
63.1208735724732
62.1829013598334
61.1897444004587
60.1450637327269
59.0525203950159
57.9157754257037
56.7384898631680
55.5243247457869
54.2769411119383
53
51.7047520923211
50.4328066471355
49.2333625666480
48.1556187530636
47.2487741085873
46.5620275354240
46.1445779357786
46.0456242118562
46.3143652658617
47
48.1281180582423
49.6298720516247
51.4128053329494
53.3844612550188
55.4523831706351
57.5241144326005
59.5071983937175
61.3091784067882
62.8375978246149
64
64.7257756747096
65.0317051463657
64.9564161015543
64.5385362268612
63.8166932088725
62.8295147341739
61.6156284893514
60.2136621609910
58.6622434356786
57
55.2687792429193
53.5233073629124
51.8215302608334
50.2213938375363
48.7808439938751
47.5578266307040
46.6102876488768
45.9961729492478
45.7734284326708
46
46.7071073536133
47.8190654019848
49.2334628551123
50.8478884229938
52.5599308156271
54.2671787430103
55.8672209151413
57.2576460420179
58.3360428336382
59
59.1807913426273
58.9444310291484
58.3906183187174
57.6190524704887
56.7294327436164
55.8214583972547
54.9948286905581
54.3492428826805
53.9844002327764
54
54.4547272758773
55.2432104814215
56.2190638700179
57.2359016950515
58.1473382099074
58.8069876679707
59.0684643226265
58.7853824272599
57.8113562352561
56
53.2682995538636
49.7867270451654
45.7891262012109
41.5093407493053
37.1812144167540
33.0385909308625
29.3153140189359
26.2452274082798
24.0621748261993
23
23.2150745086685
24.5538813379168
26.7854313251386
29.6787353077273
33.0028041230764
36.5266486085794
40.0192796016298
43.2497079396210
45.9869444599466
48
49.1234024114626
49.4537476031673
49.1531484982347
48.3837180197854
47.3075690909403
46.0868146348199
44.8835675745450
43.8599408332363
43.1780473340144
43
43.4433158454810
44.4471282494140
45.9059746819228
47.7143926131310
49.7669195131625
51.9580928521410
54.1824501001902
56.3345287274339
58.3088662039960
60
61.3213342066133
62.2617393991766
62.8289527740742
63.0307115276906
62.8747528564098
62.3688139566163
61.5206320246942
60.3379442570280
58.8284878500018
57
54.8813473280660
52.5859141538797
50.2482142217803
48.0027612761068
45.9840690611983
44.3266513213940
43.1650218010329
42.6336942444542
42.8671823959968
44
46.1082764811228
49.0346039853046
52.5631903388047
56.4782433678824
60.5639708987969
64.6045807578078
68.3842807711742
71.6872787651554
74.2977825660109
76
76.6325467474427
76.2516699049018
74.9680244230009
72.8922652523638
70.1350473436140
66.8070256473750
63.0188551142705
58.8811906949241
54.5046873399594
50
45.4665365291066
40.9587163950884
36.5197119691915
32.1926956226624
28.0208397267472
24.0473166526923
20.3152987717438
16.8679584551481
13.7484680741514
11
8.65430713613098
6.69746451474484
5.10412770023292
3.84895225698656
2.90659374939710
2.25170774185587
1.85894979875421
1.70297548448345
1.75844036343494
2
2.40123492636949
2.93142554593229
3.55877722987678
4.25149534939134
4.97778527566437
5.70585237988425
6.40390203323936
7.04013960691810
7.58277047210885
8
8.26875315839105
8.40083330152601
8.41676338025997
8.33706634544807
8.18226514794543
7.97288273860714
7.72944206828834
7.47246608784414
7.22247774812965
7
6.82575244006630
6.72124124796369
6.70816924908333
6.80823926881636
7.04315413255393
7.43461666568718
8.00432969360727
8.77399604170534
9.76531853537253
11
12.4822370813438
14.1462017066192
15.9085596234067
17.6859765792865
19.3951183218389
20.9526505986441
22.2752391572826
23.2795497453345
23.8822481103802
24
23.5812992345587
22.7019519255594
21.4695922572899
19.9918544140377
18.3763725800906
16.7307809397363
15.1627136772624
13.7798049769566
12.6896890231066
12
11.7905659804215
12.0299905911431
12.6590713474338
13.6186057645626
14.8493913577986
16.2922256424107
17.8879061336679
19.5772303468391
21.3009957971935
23
24.6244368437555
26.1620857098683
27.6101223529750
28.9657225277117
30.2260619887150
31.3883164906210
32.4496617880662
33.4072736356868
34.2583277881193
35
35.6286866445567
36.1376665693836
36.5194392406663
36.7665041245904
36.8713606873415
36.8265083951053
36.6244467140674
36.2576751104135
35.7186930503292
35
34.1018165780176
33.0552480125972
31.8991206843599
30.6722609739268
29.4134952619190
28.1616499289577
26.9555513556641
25.8340259226591
24.8359000105641
24
23.3580470433728
22.9133413802276
22.6620780218943
22.6004519797026
22.7246582649825
23.0308918890637
23.5153478632763
24.1742211989499
25.0037069074146
26
27.1519952484911
28.4193864664923
29.7545672280630
31.1099311072628
32.4378716781511
33.6907825147873
34.8210571912308
35.7810892815411
36.5232723597777
37
37.1769719626629
37.0731127538033
36.7206530658536
36.1518235912461
35.3988550224131
34.4939780517872
33.4694233718005
32.3574216748855
31.1902036534746
30
28.8261169008573
27.7361625182945
26.8048205085227
26.1067745277529
25.7167082321964
25.7093052780641
26.1592493215672
27.1412240189168
28.7299130263241
31
33.9875604339078
37.5742371730186
41.6030649000557
45.9170782977422
50.3593120488015
54.7728008359566
59.0005793419307
62.8856822494472
66.2711442412293
69
70.9626413635115
72.2388887896310
72.9559198912545
73.2409122812781
73.2210435725978
73.0234913781097
72.7754333107098
72.6040469832942
72.6365100087589
73
73.7878741120462
74.9582076684575
76.4352555349263
78.1432725771454
80.0065136608073
81.9492336516046
83.8956874152299
85.7701298173758
87.4968157237350
89
90.2178621883036
91.1442805365392
91.7870579690403
92.1539974101404
92.2529017841732
92.0915740154721
91.6778170283706
91.0194337472025
90.1242270963011
89
87.6576771347394
86.1206701853859
84.4155125889127
82.5687377822931
80.6068792025002
78.5564702865073
76.4440444712876
74.2961351938143
72.1392758910607
70
67.9024292727388
65.8610387219172
63.8878916753089
61.9950514606874
60.1945814058262
58.4985448384989
56.9190050864791
55.4680254775403
54.1576693394561
53
52.0006057743055
51.1391749269451
50.3889207098516
49.7230563749574
49.1147951741950
48.5373503594971
47.9639351827960
47.3677628960245
46.7220467511150
46
45.1801476300394
44.2622615703022
43.2514254852847
42.1527230394831
40.9712378973937
39.7120537235128
38.3802541823367
36.9809229383617
35.5191436560840
34
32.4298037055369
30.8197787918460
29.1823773490097
27.5300514671104
25.8752532362302
24.2304347464517
22.6080480878571
21.0205453505287
19.4803786245489
18
16.5946375478130
15.2906232623137
14.1170651186764
13.1030710920755
12.2777491576854
11.6702072906804
11.3095534662350
11.2248956595236
11.4453418457204
12
12.8996461032109
14.0817281588991
15.4653621762846
16.9696641645876
18.5137501330282
20.0167360908266
21.3977380472028
22.5758720113770
23.4702539925694
24
24.1167780393432
23.9024641020899
23.4714861761851
22.9382722495741
22.4172503102018
22.0228483460133
21.8694943449538
22.0716162949684
22.7436421840021
24
25.9112417394163
28.3724154327414
31.2346931189749
34.3492468371162
37.5672486261648
40.7398705251202
43.7182845729819
46.3536628087495
48.4971772714223
50
50.7622550029916
50.8798741669444
50.4977413479153
49.7607404019613
48.8137551851392
47.8016695535060
46.8693673631186
46.1617324700338
45.8236487303087
46
46.7867382486174
48.0840878994811
49.7433414893639
51.6157915550387
53.5527306332784
55.4054512608558
57.0252459745438
58.2634073111153
58.9712278073430
59
58.2477920025388
56.7997742351313
54.7878926946291
52.3440933778839
49.6003222817472
46.6885254030708
43.7406487387062
40.8886382855051
38.2644400403192
36
34.2020937412274
32.8768151599937
32.0050877321197
31.5678349334258
31.5459802397327
31.9204471268610
32.6721590706313
33.7820395468642
35.2310120313802
37
39.0598330325517
41.3409651248938
43.7637563768922
46.2485668884129
48.7157567593219
51.0856860894851
53.2787149787685
55.2152035270382
56.8155118341600
58
58.7095741285657
58.9673243404310
58.8168867603115
58.3018975129226
57.4659927229798
56.3528085151986
55.0059810142945
53.4691463449831
51.7859406319797
50
48.1548704531855
46.2937375133821
44.4596965818618
42.6958430598968
41.0452723487590
39.5510798497205
38.2563609640533
37.2042110930295
36.4377256379210
36
35.9169440586925
36.1457256060408
36.6263269122412
37.2987302474902
38.1029178819841
38.9788720859193
39.8665751294921
40.7060092828989
41.4371568163361
42
42.3493533120447
42.4993600624549
42.4789957691733
42.3172359501423
42.0430561233045
41.6854318066022
41.2733385179782
40.8357517753748
40.4016470967345
40
39.6536426931288
39.3608341441395
39.1136900110655
38.9043259519405
38.7248576247981
38.5674006876718
38.4240707985952
38.2869836156020
38.1482547967258
38
37.8370759154399
37.6653033609871
37.4932441865646
37.3294602420957
37.1825133775033
37.0609654427106
36.9733782876409
36.9283137622171
36.9343337163624
37
37.1310536451114
37.3219524119121
37.5643332426759
37.8498330796769
38.1700888651888
38.5167375414856
38.8814160508413
39.2557613355296
39.6314103378245
40
40.3507095041145
40.6628869913646
40.9134228427316
41.0792074391969
41.1371311617415
41.0640843913468
40.8369575089941
40.4326408956646
39.8280249323394
39
37.9431083384308
36.7224996226296
35.4209753863976
34.1213371635357
32.9063864878452
31.8589248931270
31.0617539131823
30.5976750818122
30.5494899328177
31
31.9968571421624
33.4471145181169
35.2226756116781
37.1954439066603
39.2373228868779
41.2202160361452
43.0160268382767
44.4966587770868
45.5340153363897
46
45.8114630929198
45.0650423049027
43.9023221668900
42.4648872098231
40.8943219646433
39.3322109622921
37.9201387337108
36.7996898098408
36.1124487216234
36
36.5562904861585
37.6847162622724
39.2410357207620
41.0810072540475
43.0603892545489
45.0349401146863
46.8604182268800
48.3925819835501
49.4871897771167
50
49.8353749624464
49.0920926460077
47.9175349500619
46.4590837739870
44.8641210171613
43.2800285789626
41.8541883587691
40.7339822559587
40.0667921699097
40
40.6282096640559
41.8349131536969
43.4508244789905
45.3066576500044
47.2331266768061
49.0609455694634
50.6208283380438
51.7434889926149
52.2596415432444
52
50.8557863813298
48.9602547392047
46.5071671339762
43.6902856259955
40.7033722756143
37.7401891431840
34.9944982890559
32.6600617735816
30.9306416571125
30
30.0006448106248
30.8200678894842
32.2845069851049
34.2201998460135
36.4533842207365
38.8102978578007
41.1171785057325
43.2002639130586
44.8857918283055
46
46.4176343761711
46.2074737028585
45.4868049256043
44.3729149899506
42.9830908414396
41.4346194256134
39.8447876880142
38.3308825741841
37.0101910296654
36
35.3948176846907
35.1980372990817
35.3902733124780
35.9521401941842
36.8642524135052
38.1072244397458
39.6616707422107
41.5082057902049
43.6274440530331
46
48.5920948850662
51.3123771008146
54.0551018244839
56.7145242333127
59.1848995045397
61.3604828154035
63.1355293431428
64.4042942649962
65.0610327582024
65
64.1528027750447
62.6004542976600
60.4613193895866
57.8537628725651
54.8961495683361
51.7068442986402
48.4042118852180
45.1066171498102
41.9324249141573
39
36.4086940147552
34.1818057085456
32.3236206171699
30.8384242764271
29.7305022221161
29.0041399900358
28.6636231159852
28.7132371357630
29.1572675851683
30
31.2284211659344
32.7603228681578
34.4961981417339
36.3365400217266
38.1818415431996
39.9325957412166
41.4892956508414
42.7524343071377
43.6225047451693
44
43.8206213215072
43.1609028188233
42.1325868158944
40.8474156366664
39.4171316050856
37.9534770450979
36.5681942806494
35.3730256356862
34.4797134341544
34
34.0130935480368
34.4680658565490
35.2814545946886
36.3697974316077
37.6496320364581
39.0374960783919
40.4499272265610
41.8034631501174
43.0146415182131
44
44.6950044863458
45.1108337549808
45.2775948053511
45.2253946369028
44.9843402490819
44.5845386413344
44.0560968131065
43.4291217638440
42.7337204929932
42
41.2578885065801
40.5365991235278
39.8651661839068
39.2726240207810
38.7880069672143
38.4403493562704
38.2586855210132
38.2720497945065
38.5094765098141
39
39.7594414873337
40.7507697509080
41.9237404590216
43.2281092799731
44.6136318820610
46.0300639335841
47.4271611028409
48.7546790581301
49.9623734677503
51
51.8283455440851
52.4523218728402
52.8878719800068
53.1509388593267
53.2574655045416
53.2233949093931
53.0646700676231
52.7972339729731
52.4370296191848
52
51.5071763363258
50.9999427577314
50.5247716209513
50.1281352827202
49.8565060997727
49.7563564288433
49.8741586266668
50.2563850499776
50.9495080555105
52
53.4269491106116
55.1399070962343
57.0210415361880
58.9525200097925
60.8165100963678
62.4951793752336
63.8706954257098
64.8252258271164
65.2409381587732
65
64.0270272212278
62.4164288573314
60.3050622342967
57.8297846781097
55.1274535147563
52.3349260702224
49.5890596704939
47.0267116415567
44.7847393093968
43
41.7759420044774
41.0823774744403
40.8557095266252
41.0323412777686
41.5486758446070
42.3411163438768
43.3460658923145
44.4999276066567
45.7391046036397
47
48.2242047608628
49.3740612449076
50.4170996592026
51.3208502108159
52.0528431068158
52.5806085542704
52.8716767602480
52.8935779318167
52.6138422760446
52
51.0332389520715
49.7493775459294
48.1978918365646
46.4282578789678
44.4899517281298
42.4324494390414
40.3052270666935
38.1577606660767
36.0395262921820
34
32.0878394308513
30.3484285713747
28.8263329945391
27.5661182733130
26.6123499806650
26.0095936895638
25.8024149729781
26.0353794038765
26.7530525552275
28
29.7904033245235
32.0169081685716
34.5417761852790
37.2272690277803
39.9356483492102
42.5291758027033
44.8701130413942
46.8207217184175
48.2432634869079
49
49.0005472710548
48.3439387543388
47.1765622643449
45.6448056155657
43.8950566224942
42.0737030996231
40.3271328614453
38.8017337224537
37.6438934971410
37
36.9764075912572
37.5193368140730
38.5349747573416
39.9295085099570
41.6091251608132
43.4800117988044
45.4483555128246
47.4203433917679
49.3021625245283
51
52.4368223639165
53.6027139893691
54.5045387062888
55.1491603446065
55.5434427342531
55.6942497051594
55.6084450872563
55.2928927104748
54.7544564047458
54
53.0393029530770
51.8938072284506
50.5878704175032
49.1458501116170
47.5921039021745
45.9509893805581
44.2468641381500
42.5040857663328
40.7470118564886
39
37.2869658237754
35.6300570968284
34.0509796236985
32.5714392089255
31.2131416570488
29.9977927726083
28.9470983601435
28.0827642241941
27.4264961692997
27
26.8158337518212
26.8499643842357
27.0692110877027
27.4403930526812
27.9303294696302
28.5058395290088
29.1337424212760
29.7808573368909
30.4140034663126
31
31.5176991689398
31.9940853662286
32.4681760254905
32.9789885803498
33.5655404644304
34.2668491113566
35.1219319547525
36.1698064282423
37.4494899654501
39
40.8363695724196
42.8776941508498
45.0190848103351
47.1556526259198
49.1825086726483
50.9947640255648
52.4875297597139
53.5559169501399
54.0950366718871
54
53.2018225413818
51.7751380303721
49.8304847331690
47.4784009159711
44.8294248449766
41.9940947863841
39.0829490063917
36.2065257711980
33.4753633470013
31
28.8683402620530
27.0777537276620
25.6029762569889
24.4187437101959
23.4997919474452
22.8208568288989
22.3566742147191
22.0819799650679
21.9715099401075
22
22.1448164104060
22.3938470589801
22.7376102388755
23.1666242432452
23.6714073652425
24.2424778980203
24.8703541347319
25.5455543685302
26.2585968925686
27
27.7583940963230
28.5148580364176
29.2485827875091
29.9387593168231
30.5645785915849
31.1052315790199
31.5399092463535
31.8478025608111
32.0081024896181
32
31.8126072043021
31.4747207953496
31.0250586110880
30.5023384894623
29.9452782684180
29.3925957859002
28.8830088798543
28.4552353882254
28.1479931489589
28
28.0391770864687
28.2502587821839
28.6071827681390
29.0838867253275
29.6543083347431
30.2923852773793
30.9720552342295
31.6672558862874
32.3519249145463
33
33.5866844498230
34.0922440759149
34.4982103163562
34.7861146092275
34.9374883926094
34.9338631045826
34.7567701832277
34.3877410666252
33.8083071928558
33
31.9570851142391
30.7247649141565
29.3609759664363
27.9236548377625
26.4707380948191
25.0601623042902
23.7498640328598
22.5977798472119
21.6618463140307
21
20.6559750932205
20.6166962674590
20.8548858178986
21.3432660397225
22.0545592281141
22.9614876782566
24.0367736853332
25.2531395445271
26.5833075510216
28
29.4750145128787
30.9764500160076
32.4714807619695
33.9272810033474
35.3110249927244
36.5898869826835
37.7310412258076
38.7016619746797
39.4689234818828
40
40.2739668552645
40.3175036685108
40.1691911342236
39.8676099468878
39.4513408009882
38.9589643910096
38.4290614114366
37.9002125567542
37.4109985214471
37
36.6941180660633
36.4735353099494
36.3067547011361
36.1622792091012
36.0086118033227
35.8142554532783
35.5477131284460
35.1774877983036
34.6720824323290
34
33.1405608804822
32.1163550916916
30.9607900612321
29.7072732167073
28.3892119857211
27.0400137958772
25.6930860747794
24.3818362500314
23.1396717492370
22
20.9976384120080
20.1730443232842
19.5680850539357
19.2246279240695
19.1845402537929
19.4896893632128
20.1819425724364
21.3031672015707
22.8952305707229
25
27.6258854714859
30.6474676151717
33.9058697230253
37.2422150870146
40.4976269991073
43.5132287512715
46.1301436354750
48.1894949436857
49.5324059678714
50
49.4928197020484
48.1490852160289
46.1664360539631
43.7425117278722
41.0749517497778
38.3613956317011
35.7994828856636
33.5868530236866
31.9211455577916
31
30.9588357203206
31.6841915207126
33.0003860611223
34.7317380014965
36.7025660017816
38.7371887219241
40.6599248218707
42.2950929615678
43.4670118009621
44
43.7758374166691
42.9061487011208
41.5600197015476
39.9065362661418
38.1147842430959
36.3538494806024
34.7928178268536
33.6007751300420
32.9468072383600
33
33.8678146130030
35.4112136748042
37.4295351326874
39.7221169339363
42.0882970258347
44.3274133556663
46.2388038707149
47.6218065182642
48.2757592455980
48
46.6649041313188
44.4249965996622
41.5058397677027
38.1329959981129
34.5320276535653
30.9284970967325
27.5479666902869
24.6159987969013
22.3581557792482
21
20.6985688617216
21.3367999265468
22.7291057965017
24.6898990736121
27.0335923599042
29.5745982574039
32.1273293681373
34.5061982941305
36.5256176374094
38
38.7908204217946
38.9478036941504
38.5677370462907
37.7474077074388
36.5836029068181
35.1731098736519
33.6127158371637
31.9992080265767
30.4293736711144
29
27.7901494510998
26.8079852968516
26.0439460183357
25.4884700966329
25.1319960128236
24.9649622479885
24.9778072832080
25.1609695995627
25.5048876781332
26
26.6315817738060
27.3642551184433
28.1574788803664
28.9707119060296
29.7634130418874
30.4950411343942
31.1250550300045
31.6129135751726
31.9180756163529
32
31.8325234536761
31.4469942293751
30.8891384601987
30.2046822792486
29.4393518196267
28.6388732144346
27.8489725967742
27.1153760997471
26.4838098564551
26
25.6983244114896
25.5677679640564
25.5859672788390
25.7305589769759
25.9791796796058
26.3094660078672
26.6990545828988
27.1255820258390
27.5666849578266
28
28.4101789003655
28.8099339143993
29.2189924244454
29.6570818128477
30.1439294619501
30.6992627540964
31.3428090716307
32.0942957968968
32.9734503122386
34
35.1849599870486
36.5044963783465
37.9260630233795
39.4171137716333
40.9451024725939
42.4774829757470
43.9817091305783
45.4252347865738
46.7755137932191
48
49.0759811514403
50.0200805722149
50.8587554820368
51.6184631006190
52.3256606476743
53.0068053429156
53.6883544060559
54.3967650568082
55.1584945148852
56
56.9391154071904
57.9591813327940
59.0349150484733
60.1410338258908
61.2522549367091
62.3432956525906
63.3888732451980
64.3637049861937
65.2425081472401
66
66.6175572197981
67.1031940966092
67.4715843240701
67.7374015958178
67.9153196054894
68.0200120467219
68.0661526131521
68.0684149984173
68.0414728961542
68
67.9516557136170
67.8760422807693
67.7457476552465
67.5333597908380
67.2114666413333
66.7526561605220
66.1295163021934
65.3146350201373
64.2806002681430
63
61.4588199257338
59.6966367803135
57.7664250549440
55.7211592408303
53.6138138291774
51.4973633111904
49.4247821780741
47.4490449210336
45.6231260312739
44
42.6210645834478
41.4814105979768
40.5645521249777
39.8540032458409
39.3332780419570
38.9858905947166
38.7953549855102
38.7451852957282
38.8188956067613
39
39.2709217404752
39.6097208277794
39.9933664451454
40.3988277758061
40.8030740029944
41.1830743099432
41.5157978798852
41.7782138960535
41.9472915416808
42
41.9172484546515
41.6957060909058
41.3359820944409
40.8386856509347
40.2044259460654
39.4338121655107
38.5274534949489
37.4859591200578
36.3099382265155
35
33.5650844409188
32.0474548085974
30.4977051770911
28.9664296204550
27.5042222127442
26.1616770280139
24.9893881403191
24.0379496237152
23.3579555522571
23
22.9964137816735
23.3064746747046
23.8711971971947
24.6315958672453
25.5286852029579
26.5034797224338
27.4969939437745
28.4502423850815
29.3042395644562
30
30.4902604323873
30.7746464925844
30.8645060341301
30.7711869105638
30.5060369754244
30.0804040822510
29.5056360845828
28.7930808359588
27.9540861899182
27
25.9485444887772
24.8429393549580
23.7327786662848
22.6676564904996
21.6971668953447
20.8709039485622
20.2384617178943
19.8494342710832
19.7534156758710
20
20.6145616125040
21.5255960875835
22.6373793007307
23.8541871274377
25.0802954431969
26.2199801235003
27.1775170438401
27.8571820797085
28.1632511065978
28
27.3112090612069
26.1986762947080
24.8037041307925
23.2675949997494
21.7316513318678
20.3371755574368
19.2254701067454
18.5378374100828
18.4155798977379
19
20.3786021426685
22.4236987335844
24.9538041760993
27.7874328735646
30.7430992293319
33.6393176467527
36.2946025291784
38.5274682799605
40.1564293024505
41
40.9333823681193
40.0585287709545
38.5340791648104
36.5186735059921
34.1709517508046
31.6495538555526
29.1131197765412
26.7202894700754
24.6297028924600
23
21.9498683848543
21.4381861825978
21.3838791646590
21.7058731024668
22.3230937674499
23.1544669310370
24.1189183646568
25.1353738397381
26.1227591277096
27
27.7021440924633
28.2287264986544
28.5954041765535
28.8178340841406
28.9116731793959
28.8925784202995
28.7762067648316
28.5782151709723
28.3142605967017
28
27.6515552452924
27.2869078227845
26.9245041291270
26.5827905609708
26.2802135149665
26.0352193877649
25.8662545760167
25.7917654763727
25.8301984854835
26
26.3096349263672
26.7276422102077
27.2125793069384
27.7230036719761
28.2174727607380
28.6545440286408
28.9927749311015
29.1907229235370
29.2069454613642
29
28.5479050492389
27.9065233363848
27.1511786431196
26.3571947511246
25.5998954420815
24.9546044976719
24.4966456995774
24.3013428294795
24.4440196690598
25
26.0157448766774
27.4222644442530
29.1217061205834
31.0162173235255
33.0079454709359
34.9990379806715
36.8916422705890
38.5879057585450
39.9899758623965
41
41.5461154440515
41.6604188866033
41.4009968745468
40.8259359547735
39.9933226741748
38.9612435796420
37.7877852180668
36.5310341363404
35.2490768813543
34
32.8377933471166
31.8000600093338
30.9203063812293
30.2320388573805
29.7687638323651
29.5639877007604
29.6512168571440
30.0639576960935
30.8357166121863
32
33.5627111674823
35.4193410760615
37.4377776005360
39.4859086157043
41.4316219963650
43.1428056173165
44.4873473533573
45.3331350792858
45.5480566699006
45
43.6143619829543
41.5465756864204
39.0095832166268
36.2163266798021
33.3797481821748
30.7127898299735
28.4283937294269
26.7395019867633
25.8590567082115
26
27.3058409007004
29.6423561782570
32.8058895329569
36.5927846650874
40.7993852749358
45.2220350627893
49.6570777289353
53.9008569736608
57.7497164972533
61
63.4922744142440
65.2439996005517
66.3168586515457
66.7725346598484
66.6727107180821
66.0790699188692
65.0532953548321
63.6570701185933
61.9520773027751
60
57.8620614423238
55.5976454195361
53.2656758608602
50.9250766955191
48.6347718527360
46.4536852617340
44.4407408517363
42.6548625519659
41.1549742916461
40
39.2294798164610
38.8054187213039
38.6704379050136
38.7671585580754
39.0382018709741
39.4261890341949
39.8737412382229
40.3234796735430
40.7180255306404
41
41.1250192918323
41.1006796952485
40.9475725190854
40.6862890721795
40.3374206633676
39.9215586014863
39.4592941953723
38.9712187538621
38.4779235857925
38
37.5544430162100
37.1438624977022
36.7672720186449
36.4236851532065
36.1121154755553
35.8315765598597
35.5810819802880
35.3596453110086
35.1662801261898
35
34.8602086433278
34.7478703139428
34.6643394063350
34.6109703149945
34.5891174344111
34.6001351590748
34.6453778834756
34.7262000021034
34.8439559094482
35
35.1927224104790
35.4086562465267
35.6313703560150
35.8444335868156
36.0314147868004
36.1758828038411
36.2614064858096
36.2715546805777
36.1898962360173
36
35.6939017147563
35.2975046999504
34.8451791696051
34.3712953377432
33.9102234183875
33.4963336255609
33.1639961732860
32.9475812755857
32.8814591464828
33
33.3256707304959
33.8333249536718
34.4859129655647
35.2463850622116
36.0776915396495
36.9427826939155
37.8046088210465
38.6261202170796
39.3702671780517
40
40.4864153632601
40.8331954853624
41.0521689681361
41.1551644134104
41.1540104230144
41.0605355987772
40.8865685425280
40.6439378560960
40.3444721413103
40
39.6246678164639
39.2418931048787
38.8774111618909
38.5569572841469
38.3062667682931
38.1510749109758
38.1171170088414
38.2301283585364
38.5158442567071
39
39.6949133708845
40.5592320951229
41.5381863843003
42.5770064500020
43.6209225038135
44.6151647573198
45.5049634221063
46.2355487097584
46.7521508318612
47
46.9406786999980
46.6011785146299
46.0248433009080
45.2550169158450
44.3350432164531
43.3082660597451
42.2180293027333
41.1076768024301
40.0205524158482
39
38.0823718291233
37.2760538463576
36.5824404120676
36.0029258866181
35.5389046303740
35.1917710036999
34.9629193669607
34.8537440805211
34.8656395047459
35
35.2558339835087
35.6226060999397
36.0873950508215
36.6372795376825
37.2593382620510
37.9406499254554
38.6682932294241
39.4293468754855
40.2108895651680
41
41.7842922368420
42.5535217538836
43.2979793846464
44.0079559626520
44.6737423214222
45.2856292944786
45.8339077153429
46.3088684175368
46.7008022345819
47
47.1959970691232
47.2753068845259
47.2236874105931
47.0268966117096
46.6706924522604
46.1408328966303
45.4230759092043
44.5031794543673
43.3669014965042
42
40.4057194866651
38.6572507080127
36.8452709729813
35.0604575905096
33.3934878695364
31.9350391190003
30.7757886478399
30.0064137649940
29.7175917794011
30
30.9071249842163
32.3436902834234
34.1772286974818
36.2752730262518
38.5053560695940
40.7350106273686
42.8317694994361
44.6631654856569
46.0967313858914
47
47.2807805764697
47.0079881582937
46.2908142370915
45.2384503044830
43.9600878520877
42.5649183715255
41.1621333544159
39.8609242923786
38.7704826770335
38
37.6337527099048
37.6563570834019
38.0275143541521
38.7069257558162
39.6542925220551
40.8293158865296
42.1916970829005
43.7011373448286
45.3173379059748
47
48.7042085839109
50.3665835080986
51.9191283463000
53.2938466722520
54.4227420596918
55.2378180823562
55.6710783139822
55.6545263283069
55.1201656990672
54
52.2614129544514
50.0133088842037
47.3999722606480
44.5656875551756
41.6547392391777
38.8114117840456
36.1799896611706
33.9047573419438
32.1299992977565
31
30.6121395982833
30.8761809550866
31.6549826111081
32.8114031070456
34.2083009835974
35.7085347814613
37.1749630413355
38.4704443039180
39.4578371099068
40
40.0010286524154
39.5299672954497
38.6970972949197
37.6127000166419
36.3870568264328
35.1304490901091
33.9531581734874
32.9654654423843
32.2776522626163
32
32.2107457920553
32.8599498631144
33.8656282092131
35.1457968263869
36.6184717106714
38.2016688581022
39.8134042647149
41.3716939265450
42.7945538396282
44
44.9239881793636
45.5742332520926
45.9763898682278
46.1561126778104
46.1390563308815
45.9508754774820
45.6172247676531
45.1637588514358
44.6161323788710
44
43.3393014904902
42.6511171285154
41.9508123178757
41.2537524623714
40.5753029658026
39.9308292319696
39.3356966646727
38.8052706677120
38.3549166448877
38
37.7538058586755
37.6212982338460
37.6053608602695
37.7088774727042
37.9347318059081
38.2858075946394
38.7649885736561
39.3751584777164
40.1192010415783
41
42.0134750748077
43.1276899361007
44.3037442410463
45.5027376468120
46.6857698105650
47.8139403894729
48.8483490407029
49.7500954214225
50.4802791887991
51
51.2812938420935
51.3399420217511
51.2026621755451
50.8961719400479
50.4471889518318
49.8824308474692
49.2286152635323
48.5124598365936
47.7606822032254
47
46.2513495568183
45.5125419768949
44.7756070567732
44.0325745929964
43.2754743821077
42.4963362206504
41.6871899051678
40.8400652322030
39.9469919982993
39
38.0043079306335
37.0178900706693
36.1119095973621
35.3575296879665
34.8259135197373
34.5882242699291
34.7156251157965
35.2792792345944
36.3503498035773
38
40.2574187206477
42.9838977404278
45.9987545537784
49.1213066551375
52.1708715389432
54.9667666996334
57.3283096316461
59.0748178294195
60.0256087873914
60
58.8880171867758
56.8625189676195
54.1670721875242
51.0452436914834
47.7406003244900
44.4967089315375
41.5571363576190
39.1654494477278
37.5652150468571
37
37.6305125322492
39.2860263890944
41.7129566961247
44.6577185789291
47.8667271630967
51.0863975742166
54.0631449378778
56.5433843796694
58.2735310251804
59
58.5459326842274
57.0413754760029
54.6931010279771
51.7078819928003
48.2924910231232
44.6537007715962
40.9982838908699
37.5330130335948
34.4646608524213
32
30.2987567308411
29.3324717068939
29.0256391919671
29.3027534498696
30.0883087444105
31.3067993393985
32.8827194986425
34.7405634859516
36.8048255651344
39
41.2530403924081
43.5007376964217
45.6823422041547
47.7371042077212
49.6042739992349
51.2231018708098
52.5328381145599
53.4727330225990
53.9820368870411
54
53.4930816995266
52.5365775074195
51.2329919914141
49.6848297192457
47.9945952586499
46.2647931773622
44.5979280431178
43.0965044236524
41.8630268867013
41
40.5786328094854
40.5449522739003
40.8136898301891
41.2995769152960
41.9173449661654
42.5817254197415
43.2074497129687
43.7092492827914
44.0018555661537
44
43.6503870625318
43.0276133969793
42.2382486878297
41.3888626195704
40.5860248766887
39.9363051436718
39.5462731050072
39.5224984451822
39.9715508486840
41
42.6728189403873
44.8885941381826
47.5043154184922
50.3769726064225
53.3635555270801
56.3210540055712
59.1064578670023
61.5767569364799
63.5889410391103
65
65.7143371759188
65.8260100502904
65.4764896382016
64.8072469547395
63.9597530149911
63.0754788340435
62.2958954269835
61.7624738088983
61.6166849948748
62
63.0108323559374
64.5753656606560
66.5767260287015
68.8980395746195
71.4224324129554
74.0330306582549
76.6129604250636
79.0453478279269
81.2133189813905
83
84.3153334003317
85.1765273070856
85.6276062469923
85.7125947467826
85.4755173331872
84.9603985329368
84.2112628727622
83.2721348793940
82.1870390795631
81
79.7478340427357
78.4385251110016
77.0728489833292
75.6515814382501
74.1754982542958
72.6453752099978
71.0619880838876
69.4261126544970
67.7385247003572
66
64.2163304287254
62.4133722489080
60.6219978196908
58.8730795002171
57.1974896496298
55.6261006270722
54.1897847916872
52.9194145026182
51.8458621190080
51
50.3998442423626
50.0119858933664
49.7901597379074
49.6881005608816
49.6595431471850
49.6582222817136
49.6378727493634
49.5522293350304
49.3550268236106
49
48.4542926018241
47.7386841776263
46.8873632286794
45.9345182562564
44.9143377616301
43.8610102460734
42.8087242108592
41.7916681572603
40.8440305865496
40
39.2869853503410
38.7052773961284
38.2483873473748
37.9098264140927
37.6831058062945
37.5617367339927
37.5392304071999
37.6090980359285
37.7648508301911
38
38.3047659968120
38.6562062378600
39.0280873818212
39.3941760873728
39.7282390131919
40.0040428179557
40.1953541603412
40.2759396990257
40.2195660926862
40
39.6009506624111
39.0458976524316
38.3682631253402
37.6014692364160
36.7789381409378
35.9340919941847
35.1003529514354
34.3111431679689
33.5998847990641
33
32.5374313535435
32.2082031524137
32.0008601168179
31.9039469669632
31.9060084230567
31.9955892053057
32.1612340339174
32.3914876290989
32.6748947110573
33
33.3563239234149
33.7372897379135
34.1372964073882
34.5507428957313
34.9720281668353
35.3955511845924
35.8157109128951
36.2269063156357
36.6235363567065
37
37.3492729527970
37.6586378959323
37.9139542536294
38.1010814501116
38.2058789096022
38.2142060563247
38.1119223145023
37.8848871083585
37.5189598621166
37
36.3255842653972
35.5401586783572
34.6998865780942
33.8609313038224
33.0794561947559
32.4116245901090
31.9135998290957
31.6415452509304
31.6516241948271
32
32.7173899856143
33.7327273906389
34.9494994339938
36.2711933345990
37.6012963113742
38.8432955832395
39.9006783691148
40.6769318879200
41.0755433585751
41
40.3878557921456
39.3129317590871
37.8831156859304
36.2062953577818
34.3903585597473
32.5431930769330
30.7726866944451
29.1867271973895
27.8932023708724
27
26.5851868458032
26.6075455730128
26.9960378222844
27.6796252342738
28.5872694496366
29.6479321090284
30.7905748531050
31.9441593225220
33.0376471579351
34
34.7833968246416
35.4328859488618
36.0167330249319
36.6032037051230
37.2605636417065
38.0570784869534
39.0610138931350
40.3406355125225
41.9642089973871
44
46.4792258556305
49.2849106315400
52.2630300779881
55.2595599452341
58.1204759835377
60.6917539431582
62.8193695743552
64.3492986273882
65.1275168525166
65
63.8676997528364
61.8514715249781
59.1271466631158
55.8705565139405
52.2575324241429
48.4639057404139
44.6655078094443
41.0381699779249
37.7577235925465
35
32.8989751330239
31.4212032685477
30.4913832695486
30.0342139990039
29.9743943198907
30.2366230951862
30.7455991878677
31.4260214609123
32.2025887772974
33
33.7563997150680
34.4637154008311
35.1273202586896
35.7525874900440
36.3448902962945
36.9096018788414
37.4520954390851
37.9777441784259
38.4919212982641
39
39.5064260067042
40.0119351281280
40.5163356956928
41.0194360408201
41.5210444949314
42.0209693894483
42.5190190557920
43.0150018253843
43.5087260296464
44
44.4848962581152
44.9445440866570
45.3563369585392
45.6976683466755
45.9459317239797
46.0785205633656
46.0728283377468
45.9062485200371
45.5561745831502
45
44.2259889608351
43.2658885252441
42.1623164701504
40.9578905724778
39.6952286091496
38.4169483570895
37.1656675932209
35.9840040944675
34.9145756377527
34
33.2721478985445
32.7199018123668
32.3213971608591
32.0547693634133
31.8981538394218
31.8296860082765
31.8275012893695
31.8697351020931
31.9345228658392
32
32.0474194449869
32.0705042252887
32.0660948864133
32.0310319738689
31.9621560331633
31.8563076098046
31.7103272493010
31.5210554971603
31.2853328988906
31
30.6751743215077
30.3740812864783
30.1732232934876
30.1491027411112
30.3782220279251
30.9370835525050
31.9021897134266
33.3500429092658
35.3571455385983
38
41.3198832689821
45.2171706287979
49.5570119396363
54.2045570616862
59.0249558551363
63.8833581801755
68.6449138969926
73.1747728657765
77.3380849467160
81
84.0532926025639
86.5012361983300
88.3747289479671
89.7046690121440
90.5219545515297
90.8574837267931
90.7421546986029
90.2068656276281
89.2825146745375
88
86.3949463207623
84.5218845778822
82.4400722684955
80.2087668897378
77.8872259387448
75.5347069126522
73.2104673085958
70.9737646237111
68.8838563551340
67
65.3659221143870
63.9632254901413
62.7579819780511
61.7162634289050
60.8041416934911
59.9876886225980
59.2329760670140
58.5060758775274
57.7730599049266
57
56.1673652216897
55.3132134615528
54.4899998193000
53.7501793946424
53.1462072872907
52.7305385969557
52.5556284233483
52.6739318661793
53.1379040251596
54
55.2916169988543
56.9599206636478
58.9310187447487
61.1310189925255
63.4860291573462
65.9221569895793
68.3655102395930
70.7421966577554
72.9783239944350
75
76.7461667828933
78.2071038838563
79.3859252017051
80.2857446352558
80.9096760833244
81.2608334447271
81.3423306182800
81.1572815027990
80.7087999971003
80
79.0347158695727
77.8196638009272
76.3622804484311
74.6700024664516
72.7502665093561
70.6105092315122
68.2581672872873
65.7006773310486
62.9454760171637
60
56.8849697388160
53.6742409124348
50.4549530045708
47.3142454989381
44.3392578792510
41.6171296292239
39.2350002325710
37.2800091730065
35.8392959342448
35
34.8144051751634
35.1953725493335
36.0209075332859
37.1690155377962
38.5177019736397
39.9449722515921
41.3288317824288
42.5472859769253
43.4783402458572
44
44.0294095605305
43.6402688902312
42.9454168622855
42.0576923498773
41.0899342261902
40.1549813644078
39.3656726377140
38.8348469192923
38.6753430823264
39
39.8789565827145
41.2115518897419
42.8544250175721
44.6642150626947
46.4975611215996
48.2111022907765
49.6614776667153
50.7053263459056
51.1992874248372
51
50.0137641086116
48.3455235508012
46.1498830674263
43.5814473993439
40.7948212874114
37.9446094724860
35.1854166954249
32.6718476970854
30.5585072183247
29
28.1159869828393
27.8863539070532
28.2560427127229
29.1699953399297
30.5731537287548
32.4104598192796
34.6268555515852
37.1672828657530
39.9766837018642
43
46.1702879600312
49.3730608209860
52.4819460816821
55.3705712409373
57.9125637975693
59.9815512503957
61.4511610982342
62.1950208399027
62.0867579742187
61
58.8718611770360
55.8934028090029
52.3191729605486
48.4037196963211
44.4015910809681
40.5673351791378
37.1555000554779
34.4206337746363
32.6172844012611
32
32.7352673318248
34.6373279430024
37.4323620761234
40.8465499737785
44.6060718785582
48.4371080330533
52.0658386798543
55.2184440615521
57.6211044207371
59
59.1610694956647
58.2292854189874
56.4093787349577
53.9060804085651
50.9241214047991
47.6682326886492
44.3431452251048
41.1535899791555
38.3042979157907
36
34.3924546855165
33.4215303810479
32.9741229840457
32.9371283919610
33.1974425022454
33.6419612123501
34.1575804197266
34.6311960218261
34.9497039161002
35
34.7071117622693
34.1485930568208
33.4401293288597
32.6974060235908
32.0361085862194
31.5719224619504
31.4205330959889
31.6976259335400
32.5188864198087
34
36.2170982654063
39.0880973916687
42.4913597005157
46.3052475136757
50.4081231528771
54.6783489398483
58.9942871963178
63.2343002440140
67.2767504046652
71
74.2914951761055
77.0750173765043
79.2834318690775
80.8496039217064
81.7063988022723
81.7866817786564
81.0233181187399
79.3491730904042
76.6971119615305
73
68.2499210301716
62.6758331023142
56.5659128231744
50.2083367994988
43.8912816380339
37.9029239455263
32.5314403287225
28.0650073943692
24.7918017492128
23
22.8798207032083
24.2296502142391
26.7499168382250
30.1410488802986
34.1034746455923
38.3376224392386
42.5439205663700
46.4227973321190
49.6746810416182
52
53.1807961569955
53.3255660407295
52.6244198239255
51.2674676793068
49.4448197795971
47.3465862975195
45.1628774057976
43.0838032771548
41.2994740843144
40
39.3249946688100
39.2120856228431
39.5484038660732
40.2210804024740
41.1172462360195
42.1240323706835
43.1285698104397
44.0179895592619
44.6794226211241
45
44.8972251677647
44.4100914678982
43.6079647117819
42.5602107107970
41.3361952763248
40.0052842197466
38.6368433524438
37.3002384857975
36.0648354311892
35
34.1581046601313
33.5235485055640
33.0637372867993
32.7460767543381
32.5379726586813
32.4068307503300
32.3200567797853
32.2450564975480
32.1492356541193
32
31.7723561917102
31.4717145098456
31.1110861410209
30.7034822718508
30.2619140889500
29.7993927789332
29.3289295284151
28.8635355240104
28.4162219523338
28
27.6284705730279
27.3175934550535
27.0839181491170
26.9439941582587
26.9143709855186
27.0115981339370
27.2522251065542
27.6528014064103
28.2298765365455
29
29.9667615161781
31.0819116699403
32.2842412625109
33.5125410951146
34.7056019689757
35.8022146853187
36.7411700453682
37.4612588503486
37.9012719014844
38
37.7194833622596
37.1147598651854
36.2641168008393
35.2458414612831
34.1382211385788
33.0195431247882
31.9680947119731
31.0621631921955
30.3800358575172
30
29.9793050347836
30.2910488693182
30.8872915341320
31.7200930597530
32.7415134767091
33.9036128155286
35.1584511067394
36.4580883808695
37.7545846684470
39
40.1463944060565
41.1458279171445
41.9503605637922
42.5120523765274
42.7829633858784
42.7151536223731
42.2606831165395
41.3716118989058
40
