        2732
        2725
        2711
        2697
        2692
        2682
        2670
        2651
        2634
        2626
        2616
        2596
        2592
        2559
        2516
        1984
        1910
        1894
        1882
        1824
        1800
        1786
        1776
        1769
        1744
        1728
        1689
        1631
        1284
        1268
        1247
        1230
        1225
        1214
        1202
        1192
        1175
        1160
        1149
        1126
        1066
